$ANSIBLE_VAULT;1.1;AES256
31636430313230666534303961383035356466303465346566643635333261666638653766643766
3534313731646630653933323634636333313464613531350a343265396466623563336531623262
63653636343063636132636635306164663433623565633633383834666334373465386530383438
3266613431633232620a326332303337343030343863356132663836636561356335396564333365
38313733666636353537633538323833626537653331306332666263383636363733343765353162
66663564353533636235396634373131613534383461336562616138373131383231616431393964
66373138326336333562363030656163393262633935366338346630323865666466613039383031
30366561386263643535386539633436353230613835663739393935383366616238373135303337
35633761646430363366653032313066653031653466313862306633356663316562363661636331
61326433353234613463343134396134326363356433376335393361396236343130643631636564
30633637376263313563313161356665326664666664343439333363316465333032363233643031
64613937623731623862353531393837663532393330663439306439323335323239353936393333
65383466633034313430373235356433626437656365386437363131326439653264343237623133
34363365353034363737383138383332303765656638626536376238666633383265636431613334
64363134623036353531343332343563623136383633643961333063323431383136626631396364
30643666363931333234356262363834656236386365626438643832633034616333383734366437
32313634303235393963643339376231363036376538643565326536626331393962643839326131
65313532623461656632643961346235303834623038333131393661653532626663373566373466
62646566363363666264376365316366616666613161366530316365383863623463333461393737
35663164376563353038373962333037383361666262653366613663613838633766316235393932
65356134343836363761316331636636346361326539333435343662366565633065336163393034
61393038363165366337636464323537386462373832343432373265633432653336393038393764
35613138373764383839313864343164336363623766306461646364333361313232633862653436
39396663626437303936396535303835393530643532393638363765643935363162383637623165
37313735353564626137326663303762373562363337373563323535346338636566666134366665
36333835383533613363343138313039346236626563653661646534303233323136353937616638
35653833393632356539323938653031303539316235396334313230626636346662386261326533
30313265636263393537373031393334623339346461633830613638353331613665653663633330
33623632303138323063613262313737636366613332653634633962613635383438366564393833
33613033626662663863653938383062366230373434376639313231636361353865333431343738
31386661353764373631613830323532333864313765383665336630643663363661373636333461
39633834306565363661386363356666376239303634353663646663666165363334633364636362
38623939326536333138613430613639343334663264613264623832616263636438326532633564
34393366393863666530653933613563653631616333623036643930323636326532336634653232
31333263356262383031343335333363333263326533373735396465393765326439396630653336
62623933383030303566626232343134643230373464393839303238663933383338623665666630
32626131656566616437353765316333336562326533393836336431623463326233366562663430
39363832633631666164316539346431346562346161613261666662343363326332343230353966
33343034616130373235346463623430616438336433373261393435356136373437383939333831
35343638613638363266633839623431653265353639363939323565616639613633656463366635
34376464303564386562623162306462373330623464623864316464363864346136366161306332
30386666373265336364633565393766616339363139643731363162643365653732613139306565
62623135303430306364373964656332383165326338616533313932373762343730353164306463
37363861303033383538653165633832353238613633373337663632643161656666623830313136
33353733613635373232653264643737303431326131646431663639333763353961623339623261
30613839326462356132663861323163353531386262343362376165643032306138303232633161
34363461346366326336363332343064636335666338323334373936373232303664303536396331
62653731666261323234666435363633393536366235303664343437306363663537633263316165
63633337636166333062343736623665373431366536393138616439383235636662613365386562
33653562303430343061376231356636326234326138633036623431623338393266316539633961
37613362653366346231643665373435643037383236323131336463353437616564326135376230
62323264363865313963616134633937626130633637623462363738306534626136366335333536
33346138363734366537653733316239663365303932303935393635643863663465656464663532
38333034313233656633616533663164313433646133396332613939316137623638616363373466
36393732626662376666396362373065643965333634653666636365323332373838393733653739
64376433303365353538366638353761343362633365316434653233643939303563636566363333
37633963363331336162623630633534303032623832313161333639666438336538346365663735
37306165663362353364663937656634626637613136323961316238653235376333383461326164
32313233353764363839343735393932643635393934353531653566373730383933313865646232
63656562313735306665306264343830376562323337343830363933383538366562333561623334
33303631636138656164666239636239333164646635303034656265383930663764336236626135
33343561366337636165636439663261333535653062306339353264326537613832656564653936
64343332353331323263643362653731626638626565346430346461613331616237343333396230
38383632663432366538636436383961326363623130333934656161373734333564623732303538
39623133343332346164653139356263633465666133376239636639383038333632656537363562
65626430383563633765306662616433356339343063353534623739663138623332333035633161
61343163366230333163393037333230343236323631353666363631613762373434333164373334
66383561363138303434643630363663326430353265336635616665366362616237356339623361
32643333636636366136313065323630363766336665386266316433366530303830653434333532
34663630356364616164346530306664643761643535663134383332333831613066393030343964
37656130653234623161636136336139323861313465343130313834623734643530636463386565
66303531396432616436663437383866333239343938623237356233643335633964383934386336
36636361313664633536373339383537383736616162376261366335373761353334316435386462
34633035653033646561366462653464373734636231663936666662623162623034323735343162
32623131396537613034336239346665623064383034663432353165386435646532623532373035
37646338393061306364356636383561386162393032376130363835326133316264623133653538
32633638303232656666393663383837633761326161653064313561626530336334373535626161
65636339313466393665306461626262376536373536396664356133396637393938353639663664
33393434333330363865626431643366333364663161306362366664613564653837313836396130
39383361326463376337626566613962303637393834333262323933363734383361636565383832
63393731303530373837643233663733653233393666393039643533333865303734363266303763
61316166616635336438353632306535376439303136376137356539396535336335303062643765
61306134626566623263363338326234633565636437323331376364326265663534613431396339
33653739623461326437636634303766663163323839353236313037383535646566383432343266
34333133313936656334373735383132393865393834373763323434643838623231633764653434
32323363316163633935386139613765343230363735306432623832376162616566663963373165
65346333356633393166393763333633383238323363323130356331633939306361376534323433
39636636376332643333663161346535633737653438663433613661643739353665613664333332
65326564383066386262666463626230613234333532316366363839663339313161393731343930
33623532643530383961333435313761326537386334316166353434623838623263353332373232
32666530303064303039383761353239633035363530613061653535393662363765363935353939
38316634623465386466366334653863376666343634643234616636303438363138323638633037
63643661376662353837376639373863366264363035383262623862323962383761383763363162
38643431323938653836613335646363653235663864336162633061386434663030343331326136
35373161643863623832643336326262623435663764323866343533383561383434636362383434
65326663393838353631366366363664393761656263663436323462363062323835313038616663
37343837623665653665623735373362643638663230316339343066346666313037643662666535
64383733623035316664333961616332336235303735656662346465643562356366333665616462
32343837656139383665393337323631623562303264626666353766613132656135373663643632
33376561306663636531326435626233356131326230373233346635333537636261636436323237
31363037633430636363306166666262353463356666646232333931373764633834333361346331
39353463323334333735633939666334656130306666396130313536613539646338363165626362
38643633643135336463663939653464393139363036633035613137646662646339333062623634
66396361336330313663646361386464353632363630643365306535663264633939633639663837
65346364343935326464663263656666663061626163616336656363653764623137353165666263
38353236626232653262303538323837633661343537366330376530373664303263643538333738
65636466636634633565373030306632633362393663396630663863613034356261326365636335
33383739653630303739313139666165373964626439343463353230656632623966623961343766
38386263646362306636343237326533636433326430616639646336636366383263653833633032
65643666303530306566306439353063643234646532353635613161653337306664373930633631
32346431306662616661383539303738623430383638626338366434303065666163343739376236
37616139366130663031383231643631623036656435373036303733616531376566663161633235
30323462383335386337643331386161346463313936386266356633383130653236336636393938
38653239386331343538383139616263313661346438393635623439643435333736396436333261
31356661346635303431353234363136346164303531633134313738333930353964313034633037
32393966323936336338633132313737393266383362393630383036383633663462383235376534
65623035333262356265326461326235646564303037353764653733326133653735343934356163
62303266383230386361313962323065343030363531613236353462363936333263366435396430
36623062313537343433623762373339313563613536636633303734396330396663373534313039
38326433303331343063383435373835393832336165626137386562656331336566346131316662
66393932393166306131303633376134663231393062383265626131343233366365396232613934
61333734396366396435353138366364343838643764333665396461616538376538613961323461
39623936666130346561396330333564396661663266326238396165396235383534356230303930
32393836346364383565613530376663333533333062386564323035663530633733336232383031
65663763633032316336313762313232313965336234623865303634353632306364623233396562
65633131633764636233643465336133336162383336366533326239616163636631636430396237
64356362636163353630336462336637663961333830326362653438346638616366356462306631
35653366376264363837643066383638653836363430396462383134326565653932333239656136
66333161363864613363393738313330366636383061626261626531306364656265663439363239
39343537633763613238343064376133626466396437383436306362373432303633616561653338
38633863646531613665623636666430363162623161343535303365613235643465363439626537
66353238323632303436353439303663316466313534343337626434643634623636633766353765
30643537623634373630646132346566366134383235366632353539326639333033346565386264
30306132643232353033653163643663666630363531653630626638356261653234323036636561
646438633332653732393838356435393261
